{
 "cells": [
  {
   "cell_type": "code",
   "execution_count": 1,
   "id": "54d3db5d-2a95-4afc-a133-bf2f0c55b7ab",
   "metadata": {},
   "outputs": [],
   "source": [
    "import yfinance as yf\n",
    "import riskfolio as rf\n",
    "import pandas as pd\n",
    "import seaborn as sns\n",
    "import numpy as np\n",
    "import streamlit as slt\n",
    "import matplotlib.pyplot as plt\n",
    "from datetime import datetime, timedelta\n",
    "\n",
    "# ignore unwanted warnings\n",
    "import warnings \n",
    "warnings.filterwarnings(\"ignore\")"
   ]
  },
  {
   "cell_type": "code",
   "execution_count": 2,
   "id": "080b2790-1cc7-47ca-ab9e-c4db0ff4bd2d",
   "metadata": {},
   "outputs": [],
   "source": [
    "tickers = [\"WBD\",\"BCC\",\"SOLV\",\"PFE\",\"OXY\",\"PG\",\"T\",\"TJX\",\"MMM\",\"BA\",\"O\",\"KMI\",\"CSCO\",\"CVS\",\"DIS\",\"MA\",\"RTX\",\"AXP\",\"BX\"]\n",
    "years_delta = 1\n",
    "end_date = datetime.today()\n",
    "start_date = end_date - timedelta(days =  years_delta * 365)"
   ]
  },
  {
   "cell_type": "code",
   "execution_count": 3,
   "id": "a92a991b-7ca9-47a9-878e-7656a5c9637b",
   "metadata": {},
   "outputs": [
    {
     "name": "stderr",
     "output_type": "stream",
     "text": [
      "[*********************100%%**********************]  1 of 1 completed\n",
      "[*********************100%%**********************]  1 of 1 completed\n",
      "[*********************100%%**********************]  1 of 1 completed\n",
      "[*********************100%%**********************]  1 of 1 completed\n",
      "[*********************100%%**********************]  1 of 1 completed\n",
      "[*********************100%%**********************]  1 of 1 completed\n",
      "[*********************100%%**********************]  1 of 1 completed\n",
      "[*********************100%%**********************]  1 of 1 completed\n",
      "[*********************100%%**********************]  1 of 1 completed\n",
      "[*********************100%%**********************]  1 of 1 completed\n",
      "[*********************100%%**********************]  1 of 1 completed\n",
      "[*********************100%%**********************]  1 of 1 completed\n",
      "[*********************100%%**********************]  1 of 1 completed\n",
      "[*********************100%%**********************]  1 of 1 completed\n",
      "[*********************100%%**********************]  1 of 1 completed\n",
      "[*********************100%%**********************]  1 of 1 completed\n",
      "[*********************100%%**********************]  1 of 1 completed\n",
      "[*********************100%%**********************]  1 of 1 completed\n",
      "[*********************100%%**********************]  1 of 1 completed\n"
     ]
    }
   ],
   "source": [
    "adj_close_df = pd.DataFrame()\n",
    "perc_change_df = pd.DataFrame()\n",
    "\n",
    "for scrip in tickers:\n",
    "    data = yf.download(scrip, start = start_date, end = end_date)\n",
    "    adj_close_df[scrip] = data['Adj Close']\n",
    "    perc_change_df[scrip] = data['Adj Close'].pct_change()"
   ]
  },
  {
   "cell_type": "code",
   "execution_count": 8,
   "id": "e3a533de-3e18-40c4-9f4b-0757be376b51",
   "metadata": {},
   "outputs": [
    {
     "data": {
      "text/html": [
       "<div>\n",
       "<style scoped>\n",
       "    .dataframe tbody tr th:only-of-type {\n",
       "        vertical-align: middle;\n",
       "    }\n",
       "\n",
       "    .dataframe tbody tr th {\n",
       "        vertical-align: top;\n",
       "    }\n",
       "\n",
       "    .dataframe thead th {\n",
       "        text-align: right;\n",
       "    }\n",
       "</style>\n",
       "<table border=\"1\" class=\"dataframe\">\n",
       "  <thead>\n",
       "    <tr style=\"text-align: right;\">\n",
       "      <th></th>\n",
       "      <th>WBD</th>\n",
       "      <th>BCC</th>\n",
       "      <th>SOLV</th>\n",
       "      <th>PFE</th>\n",
       "      <th>OXY</th>\n",
       "      <th>PG</th>\n",
       "      <th>T</th>\n",
       "      <th>TJX</th>\n",
       "      <th>MMM</th>\n",
       "      <th>BA</th>\n",
       "      <th>O</th>\n",
       "      <th>KMI</th>\n",
       "      <th>CSCO</th>\n",
       "      <th>CVS</th>\n",
       "      <th>DIS</th>\n",
       "      <th>MA</th>\n",
       "      <th>RTX</th>\n",
       "      <th>AXP</th>\n",
       "      <th>BX</th>\n",
       "    </tr>\n",
       "    <tr>\n",
       "      <th>Date</th>\n",
       "      <th></th>\n",
       "      <th></th>\n",
       "      <th></th>\n",
       "      <th></th>\n",
       "      <th></th>\n",
       "      <th></th>\n",
       "      <th></th>\n",
       "      <th></th>\n",
       "      <th></th>\n",
       "      <th></th>\n",
       "      <th></th>\n",
       "      <th></th>\n",
       "      <th></th>\n",
       "      <th></th>\n",
       "      <th></th>\n",
       "      <th></th>\n",
       "      <th></th>\n",
       "      <th></th>\n",
       "      <th></th>\n",
       "    </tr>\n",
       "  </thead>\n",
       "  <tbody>\n",
       "    <tr>\n",
       "      <th>2024-04-02</th>\n",
       "      <td>-0.142568</td>\n",
       "      <td>0.489648</td>\n",
       "      <td>-0.031838</td>\n",
       "      <td>-0.035039</td>\n",
       "      <td>0.099155</td>\n",
       "      <td>0.059846</td>\n",
       "      <td>0.142862</td>\n",
       "      <td>0.095121</td>\n",
       "      <td>0.236997</td>\n",
       "      <td>-0.080669</td>\n",
       "      <td>0.084810</td>\n",
       "      <td>0.133479</td>\n",
       "      <td>-0.047596</td>\n",
       "      <td>0.098680</td>\n",
       "      <td>0.377687</td>\n",
       "      <td>0.217664</td>\n",
       "      <td>0.218213</td>\n",
       "      <td>0.465975</td>\n",
       "      <td>0.302287</td>\n",
       "    </tr>\n",
       "    <tr>\n",
       "      <th>2024-04-03</th>\n",
       "      <td>-0.117290</td>\n",
       "      <td>0.509250</td>\n",
       "      <td>-0.075398</td>\n",
       "      <td>-0.046597</td>\n",
       "      <td>0.106508</td>\n",
       "      <td>0.030671</td>\n",
       "      <td>0.148734</td>\n",
       "      <td>0.071010</td>\n",
       "      <td>0.241661</td>\n",
       "      <td>-0.095923</td>\n",
       "      <td>0.082759</td>\n",
       "      <td>0.141479</td>\n",
       "      <td>-0.051875</td>\n",
       "      <td>0.110289</td>\n",
       "      <td>0.334613</td>\n",
       "      <td>0.212559</td>\n",
       "      <td>0.205852</td>\n",
       "      <td>0.473125</td>\n",
       "      <td>0.304967</td>\n",
       "    </tr>\n",
       "    <tr>\n",
       "      <th>2024-04-04</th>\n",
       "      <td>-0.146613</td>\n",
       "      <td>0.491648</td>\n",
       "      <td>-0.030391</td>\n",
       "      <td>-0.066562</td>\n",
       "      <td>0.105201</td>\n",
       "      <td>0.026051</td>\n",
       "      <td>0.146124</td>\n",
       "      <td>0.054165</td>\n",
       "      <td>0.206352</td>\n",
       "      <td>-0.103892</td>\n",
       "      <td>0.079681</td>\n",
       "      <td>0.134095</td>\n",
       "      <td>-0.064130</td>\n",
       "      <td>0.099871</td>\n",
       "      <td>0.313412</td>\n",
       "      <td>0.193129</td>\n",
       "      <td>0.227608</td>\n",
       "      <td>0.431787</td>\n",
       "      <td>0.299194</td>\n",
       "    </tr>\n",
       "    <tr>\n",
       "      <th>2024-04-05</th>\n",
       "      <td>-0.158746</td>\n",
       "      <td>0.520051</td>\n",
       "      <td>0.013893</td>\n",
       "      <td>-0.066212</td>\n",
       "      <td>0.131675</td>\n",
       "      <td>0.030341</td>\n",
       "      <td>0.136339</td>\n",
       "      <td>0.065835</td>\n",
       "      <td>0.212881</td>\n",
       "      <td>-0.104625</td>\n",
       "      <td>0.087683</td>\n",
       "      <td>0.135941</td>\n",
       "      <td>-0.055571</td>\n",
       "      <td>0.109991</td>\n",
       "      <td>0.327882</td>\n",
       "      <td>0.211873</td>\n",
       "      <td>0.257028</td>\n",
       "      <td>0.450500</td>\n",
       "      <td>0.315381</td>\n",
       "    </tr>\n",
       "    <tr>\n",
       "      <th>2024-04-08</th>\n",
       "      <td>-0.138524</td>\n",
       "      <td>0.524451</td>\n",
       "      <td>-0.030246</td>\n",
       "      <td>-0.069014</td>\n",
       "      <td>0.123177</td>\n",
       "      <td>0.029945</td>\n",
       "      <td>0.125250</td>\n",
       "      <td>0.059450</td>\n",
       "      <td>0.224873</td>\n",
       "      <td>-0.112350</td>\n",
       "      <td>0.100610</td>\n",
       "      <td>0.129787</td>\n",
       "      <td>-0.061601</td>\n",
       "      <td>0.107908</td>\n",
       "      <td>0.316329</td>\n",
       "      <td>0.217875</td>\n",
       "      <td>0.259376</td>\n",
       "      <td>0.461258</td>\n",
       "      <td>0.333321</td>\n",
       "    </tr>\n",
       "  </tbody>\n",
       "</table>\n",
       "</div>"
      ],
      "text/plain": [
       "                 WBD       BCC      SOLV       PFE       OXY        PG  \\\n",
       "Date                                                                     \n",
       "2024-04-02 -0.142568  0.489648 -0.031838 -0.035039  0.099155  0.059846   \n",
       "2024-04-03 -0.117290  0.509250 -0.075398 -0.046597  0.106508  0.030671   \n",
       "2024-04-04 -0.146613  0.491648 -0.030391 -0.066562  0.105201  0.026051   \n",
       "2024-04-05 -0.158746  0.520051  0.013893 -0.066212  0.131675  0.030341   \n",
       "2024-04-08 -0.138524  0.524451 -0.030246 -0.069014  0.123177  0.029945   \n",
       "\n",
       "                   T       TJX       MMM        BA         O       KMI  \\\n",
       "Date                                                                     \n",
       "2024-04-02  0.142862  0.095121  0.236997 -0.080669  0.084810  0.133479   \n",
       "2024-04-03  0.148734  0.071010  0.241661 -0.095923  0.082759  0.141479   \n",
       "2024-04-04  0.146124  0.054165  0.206352 -0.103892  0.079681  0.134095   \n",
       "2024-04-05  0.136339  0.065835  0.212881 -0.104625  0.087683  0.135941   \n",
       "2024-04-08  0.125250  0.059450  0.224873 -0.112350  0.100610  0.129787   \n",
       "\n",
       "                CSCO       CVS       DIS        MA       RTX       AXP  \\\n",
       "Date                                                                     \n",
       "2024-04-02 -0.047596  0.098680  0.377687  0.217664  0.218213  0.465975   \n",
       "2024-04-03 -0.051875  0.110289  0.334613  0.212559  0.205852  0.473125   \n",
       "2024-04-04 -0.064130  0.099871  0.313412  0.193129  0.227608  0.431787   \n",
       "2024-04-05 -0.055571  0.109991  0.327882  0.211873  0.257028  0.450500   \n",
       "2024-04-08 -0.061601  0.107908  0.316329  0.217875  0.259376  0.461258   \n",
       "\n",
       "                  BX  \n",
       "Date                  \n",
       "2024-04-02  0.302287  \n",
       "2024-04-03  0.304967  \n",
       "2024-04-04  0.299194  \n",
       "2024-04-05  0.315381  \n",
       "2024-04-08  0.333321  "
      ]
     },
     "execution_count": 8,
     "metadata": {},
     "output_type": "execute_result"
    }
   ],
   "source": [
    "cumulative_returns = cumulative_returns.dropna()\n",
    "cumulative_returns.head()"
   ]
  },
  {
   "cell_type": "code",
   "execution_count": 9,
   "id": "646a33bc-4a8e-4869-998c-1123d8b5affe",
   "metadata": {},
   "outputs": [
    {
     "data": {
      "text/plain": [
       "Date\n",
       "2023-11-13         NaN\n",
       "2023-11-14    0.020498\n",
       "2023-11-15    0.026877\n",
       "2023-11-16    0.016864\n",
       "2023-11-17    0.023053\n",
       "dtype: float64"
      ]
     },
     "execution_count": 9,
     "metadata": {},
     "output_type": "execute_result"
    }
   ],
   "source": [
    "mean_portfolio_cumilative_return.head()"
   ]
  },
  {
   "cell_type": "code",
   "execution_count": 10,
   "id": "9641bc6f-a281-4d99-af58-a6bc01136549",
   "metadata": {},
   "outputs": [],
   "source": [
    "cumulative_returns = ( perc_change_df + 1 ).cumprod() - 1\n",
    "\n",
    "# mean returns of portfolio along the rows\n",
    "mean_portfolio_cumilative_return = cumulative_returns.mean(axis = 1)"
   ]
  },
  {
   "cell_type": "code",
   "execution_count": 11,
   "id": "fa41fd8e-f907-4e97-bbc1-540e5524a3b0",
   "metadata": {},
   "outputs": [
    {
     "name": "stderr",
     "output_type": "stream",
     "text": [
      "[*********************100%%**********************]  1 of 1 completed\n"
     ]
    },
    {
     "data": {
      "text/plain": [
       "Date\n",
       "2023-11-13         NaN\n",
       "2023-11-14    0.019075\n",
       "2023-11-15    0.020702\n",
       "2023-11-16    0.021918\n",
       "2023-11-17    0.023228\n",
       "                ...   \n",
       "2024-11-06    0.343981\n",
       "2024-11-07    0.353969\n",
       "2024-11-08    0.359055\n",
       "2024-11-11    0.360372\n",
       "2024-11-12    0.355628\n",
       "Name: Adj Close, Length: 252, dtype: float64"
      ]
     },
     "execution_count": 11,
     "metadata": {},
     "output_type": "execute_result"
    }
   ],
   "source": [
    "benchmark = yf.download(\"^GSPC\", start=start_date)['Adj Close']\n",
    "bmark_perc_return = benchmark.pct_change()\n",
    "bmark_deviation =  ( bmark_perc_return + 1 ).cumprod() - 1\n",
    "bmark_deviation"
   ]
  },
  {
   "cell_type": "code",
   "execution_count": 12,
   "id": "ce49f115-93e1-406e-a025-854db7594a8b",
   "metadata": {},
   "outputs": [],
   "source": [
    "weights = ( np.ones( len(cumulative_returns.cov())) / len(cumulative_returns.cov()) )\n",
    "\n",
    "portfolio_std_dev = (weights.dot(cumulative_returns.cov()).dot(weights)) ** 0.5"
   ]
  },
  {
   "cell_type": "code",
   "execution_count": null,
   "id": "2fec42a8-0323-4557-b399-14896329cbb3",
   "metadata": {},
   "outputs": [],
   "source": []
  },
  {
   "cell_type": "code",
   "execution_count": 13,
   "id": "9a757dc0-f195-4fd9-963f-390b2d695035",
   "metadata": {},
   "outputs": [
    {
     "data": {
      "text/plain": [
       "array([0.05263158, 0.05263158, 0.05263158, 0.05263158, 0.05263158,\n",
       "       0.05263158, 0.05263158, 0.05263158, 0.05263158, 0.05263158,\n",
       "       0.05263158, 0.05263158, 0.05263158, 0.05263158, 0.05263158,\n",
       "       0.05263158, 0.05263158, 0.05263158, 0.05263158])"
      ]
     },
     "execution_count": 13,
     "metadata": {},
     "output_type": "execute_result"
    }
   ],
   "source": [
    "weights"
   ]
  },
  {
   "cell_type": "code",
   "execution_count": null,
   "id": "2bad34a8-3058-48e7-bdb2-72a81f2206a3",
   "metadata": {},
   "outputs": [],
   "source": []
  },
  {
   "cell_type": "code",
   "execution_count": 14,
   "id": "fd9c5fef-0cfb-4be5-819a-b23b49bffc97",
   "metadata": {},
   "outputs": [
    {
     "data": {
      "text/plain": [
       "0.06714960088382357"
      ]
     },
     "execution_count": 14,
     "metadata": {},
     "output_type": "execute_result"
    }
   ],
   "source": [
    "portfolio_std_dev"
   ]
  },
  {
   "cell_type": "code",
   "execution_count": 15,
   "id": "3fc5cb50-cc0d-4232-917d-6f07647d1316",
   "metadata": {},
   "outputs": [
    {
     "data": {
      "text/html": [
       "<div>\n",
       "<style scoped>\n",
       "    .dataframe tbody tr th:only-of-type {\n",
       "        vertical-align: middle;\n",
       "    }\n",
       "\n",
       "    .dataframe tbody tr th {\n",
       "        vertical-align: top;\n",
       "    }\n",
       "\n",
       "    .dataframe thead th {\n",
       "        text-align: right;\n",
       "    }\n",
       "</style>\n",
       "<table border=\"1\" class=\"dataframe\">\n",
       "  <thead>\n",
       "    <tr style=\"text-align: right;\">\n",
       "      <th></th>\n",
       "      <th>WBD</th>\n",
       "      <th>BCC</th>\n",
       "      <th>SOLV</th>\n",
       "      <th>PFE</th>\n",
       "      <th>OXY</th>\n",
       "      <th>PG</th>\n",
       "      <th>T</th>\n",
       "      <th>TJX</th>\n",
       "      <th>MMM</th>\n",
       "      <th>BA</th>\n",
       "      <th>O</th>\n",
       "      <th>KMI</th>\n",
       "      <th>CSCO</th>\n",
       "      <th>CVS</th>\n",
       "      <th>DIS</th>\n",
       "      <th>MA</th>\n",
       "      <th>RTX</th>\n",
       "      <th>AXP</th>\n",
       "      <th>BX</th>\n",
       "    </tr>\n",
       "  </thead>\n",
       "  <tbody>\n",
       "    <tr>\n",
       "      <th>WBD</th>\n",
       "      <td>0.018795</td>\n",
       "      <td>-0.005188</td>\n",
       "      <td>0.001762</td>\n",
       "      <td>-0.001623</td>\n",
       "      <td>-0.000294</td>\n",
       "      <td>-0.007277</td>\n",
       "      <td>-0.011692</td>\n",
       "      <td>-0.011008</td>\n",
       "      <td>-0.022786</td>\n",
       "      <td>0.016386</td>\n",
       "      <td>-0.004095</td>\n",
       "      <td>-0.013684</td>\n",
       "      <td>-0.000019</td>\n",
       "      <td>0.011024</td>\n",
       "      <td>-0.002267</td>\n",
       "      <td>-0.005973</td>\n",
       "      <td>-0.019224</td>\n",
       "      <td>-0.022660</td>\n",
       "      <td>-0.009269</td>\n",
       "    </tr>\n",
       "    <tr>\n",
       "      <th>BCC</th>\n",
       "      <td>-0.005188</td>\n",
       "      <td>0.012413</td>\n",
       "      <td>0.007099</td>\n",
       "      <td>-0.000218</td>\n",
       "      <td>-0.000540</td>\n",
       "      <td>0.002812</td>\n",
       "      <td>0.007164</td>\n",
       "      <td>0.004593</td>\n",
       "      <td>0.012092</td>\n",
       "      <td>-0.008482</td>\n",
       "      <td>0.003183</td>\n",
       "      <td>0.008152</td>\n",
       "      <td>0.003073</td>\n",
       "      <td>0.000001</td>\n",
       "      <td>0.004518</td>\n",
       "      <td>0.006193</td>\n",
       "      <td>0.010950</td>\n",
       "      <td>0.014990</td>\n",
       "      <td>0.011737</td>\n",
       "    </tr>\n",
       "    <tr>\n",
       "      <th>SOLV</th>\n",
       "      <td>0.001762</td>\n",
       "      <td>0.007099</td>\n",
       "      <td>0.010284</td>\n",
       "      <td>0.000205</td>\n",
       "      <td>-0.004909</td>\n",
       "      <td>0.000887</td>\n",
       "      <td>0.007987</td>\n",
       "      <td>0.001372</td>\n",
       "      <td>0.012121</td>\n",
       "      <td>-0.004775</td>\n",
       "      <td>0.005154</td>\n",
       "      <td>0.008451</td>\n",
       "      <td>0.005448</td>\n",
       "      <td>0.000986</td>\n",
       "      <td>0.000195</td>\n",
       "      <td>0.005519</td>\n",
       "      <td>0.007442</td>\n",
       "      <td>0.008120</td>\n",
       "      <td>0.013227</td>\n",
       "    </tr>\n",
       "    <tr>\n",
       "      <th>PFE</th>\n",
       "      <td>-0.001623</td>\n",
       "      <td>-0.000218</td>\n",
       "      <td>0.000205</td>\n",
       "      <td>0.002355</td>\n",
       "      <td>-0.001833</td>\n",
       "      <td>0.001507</td>\n",
       "      <td>0.004187</td>\n",
       "      <td>0.003263</td>\n",
       "      <td>0.008782</td>\n",
       "      <td>-0.001944</td>\n",
       "      <td>0.002873</td>\n",
       "      <td>0.004402</td>\n",
       "      <td>0.000520</td>\n",
       "      <td>-0.002969</td>\n",
       "      <td>-0.003141</td>\n",
       "      <td>0.000448</td>\n",
       "      <td>0.004598</td>\n",
       "      <td>0.003813</td>\n",
       "      <td>0.003296</td>\n",
       "    </tr>\n",
       "    <tr>\n",
       "      <th>OXY</th>\n",
       "      <td>-0.000294</td>\n",
       "      <td>-0.000540</td>\n",
       "      <td>-0.004909</td>\n",
       "      <td>-0.001833</td>\n",
       "      <td>0.005659</td>\n",
       "      <td>-0.001458</td>\n",
       "      <td>-0.007762</td>\n",
       "      <td>-0.004403</td>\n",
       "      <td>-0.012287</td>\n",
       "      <td>0.002205</td>\n",
       "      <td>-0.004891</td>\n",
       "      <td>-0.007385</td>\n",
       "      <td>-0.002752</td>\n",
       "      <td>0.001981</td>\n",
       "      <td>0.004988</td>\n",
       "      <td>-0.002255</td>\n",
       "      <td>-0.006151</td>\n",
       "      <td>-0.005275</td>\n",
       "      <td>-0.008547</td>\n",
       "    </tr>\n",
       "    <tr>\n",
       "      <th>PG</th>\n",
       "      <td>-0.007277</td>\n",
       "      <td>0.002812</td>\n",
       "      <td>0.000887</td>\n",
       "      <td>0.001507</td>\n",
       "      <td>-0.001458</td>\n",
       "      <td>0.003797</td>\n",
       "      <td>0.007390</td>\n",
       "      <td>0.006187</td>\n",
       "      <td>0.013817</td>\n",
       "      <td>-0.007553</td>\n",
       "      <td>0.003471</td>\n",
       "      <td>0.008047</td>\n",
       "      <td>0.000818</td>\n",
       "      <td>-0.005374</td>\n",
       "      <td>-0.000552</td>\n",
       "      <td>0.003220</td>\n",
       "      <td>0.010264</td>\n",
       "      <td>0.011687</td>\n",
       "      <td>0.006805</td>\n",
       "    </tr>\n",
       "    <tr>\n",
       "      <th>T</th>\n",
       "      <td>-0.011692</td>\n",
       "      <td>0.007164</td>\n",
       "      <td>0.007987</td>\n",
       "      <td>0.004187</td>\n",
       "      <td>-0.007762</td>\n",
       "      <td>0.007390</td>\n",
       "      <td>0.022469</td>\n",
       "      <td>0.015394</td>\n",
       "      <td>0.039094</td>\n",
       "      <td>-0.015549</td>\n",
       "      <td>0.011598</td>\n",
       "      <td>0.024258</td>\n",
       "      <td>0.005385</td>\n",
       "      <td>-0.010518</td>\n",
       "      <td>-0.005601</td>\n",
       "      <td>0.008571</td>\n",
       "      <td>0.025146</td>\n",
       "      <td>0.027485</td>\n",
       "      <td>0.023743</td>\n",
       "    </tr>\n",
       "    <tr>\n",
       "      <th>TJX</th>\n",
       "      <td>-0.011008</td>\n",
       "      <td>0.004593</td>\n",
       "      <td>0.001372</td>\n",
       "      <td>0.003263</td>\n",
       "      <td>-0.004403</td>\n",
       "      <td>0.006187</td>\n",
       "      <td>0.015394</td>\n",
       "      <td>0.012816</td>\n",
       "      <td>0.028318</td>\n",
       "      <td>-0.011899</td>\n",
       "      <td>0.007748</td>\n",
       "      <td>0.016689</td>\n",
       "      <td>0.002523</td>\n",
       "      <td>-0.008941</td>\n",
       "      <td>-0.003719</td>\n",
       "      <td>0.005725</td>\n",
       "      <td>0.018802</td>\n",
       "      <td>0.020847</td>\n",
       "      <td>0.015201</td>\n",
       "    </tr>\n",
       "    <tr>\n",
       "      <th>MMM</th>\n",
       "      <td>-0.022786</td>\n",
       "      <td>0.012092</td>\n",
       "      <td>0.012121</td>\n",
       "      <td>0.008782</td>\n",
       "      <td>-0.012287</td>\n",
       "      <td>0.013817</td>\n",
       "      <td>0.039094</td>\n",
       "      <td>0.028318</td>\n",
       "      <td>0.079345</td>\n",
       "      <td>-0.028419</td>\n",
       "      <td>0.022947</td>\n",
       "      <td>0.044205</td>\n",
       "      <td>0.008015</td>\n",
       "      <td>-0.022285</td>\n",
       "      <td>-0.012602</td>\n",
       "      <td>0.013712</td>\n",
       "      <td>0.048633</td>\n",
       "      <td>0.049735</td>\n",
       "      <td>0.039859</td>\n",
       "    </tr>\n",
       "    <tr>\n",
       "      <th>BA</th>\n",
       "      <td>0.016386</td>\n",
       "      <td>-0.008482</td>\n",
       "      <td>-0.004775</td>\n",
       "      <td>-0.001944</td>\n",
       "      <td>0.002205</td>\n",
       "      <td>-0.007553</td>\n",
       "      <td>-0.015549</td>\n",
       "      <td>-0.011899</td>\n",
       "      <td>-0.028419</td>\n",
       "      <td>0.019388</td>\n",
       "      <td>-0.006245</td>\n",
       "      <td>-0.017949</td>\n",
       "      <td>-0.002689</td>\n",
       "      <td>0.010589</td>\n",
       "      <td>-0.001646</td>\n",
       "      <td>-0.008026</td>\n",
       "      <td>-0.022282</td>\n",
       "      <td>-0.025889</td>\n",
       "      <td>-0.015297</td>\n",
       "    </tr>\n",
       "    <tr>\n",
       "      <th>O</th>\n",
       "      <td>-0.004095</td>\n",
       "      <td>0.003183</td>\n",
       "      <td>0.005154</td>\n",
       "      <td>0.002873</td>\n",
       "      <td>-0.004891</td>\n",
       "      <td>0.003471</td>\n",
       "      <td>0.011598</td>\n",
       "      <td>0.007748</td>\n",
       "      <td>0.022947</td>\n",
       "      <td>-0.006245</td>\n",
       "      <td>0.008267</td>\n",
       "      <td>0.012234</td>\n",
       "      <td>0.003007</td>\n",
       "      <td>-0.004937</td>\n",
       "      <td>-0.005588</td>\n",
       "      <td>0.003653</td>\n",
       "      <td>0.013026</td>\n",
       "      <td>0.012392</td>\n",
       "      <td>0.012239</td>\n",
       "    </tr>\n",
       "    <tr>\n",
       "      <th>KMI</th>\n",
       "      <td>-0.013684</td>\n",
       "      <td>0.008152</td>\n",
       "      <td>0.008451</td>\n",
       "      <td>0.004402</td>\n",
       "      <td>-0.007385</td>\n",
       "      <td>0.008047</td>\n",
       "      <td>0.024258</td>\n",
       "      <td>0.016689</td>\n",
       "      <td>0.044205</td>\n",
       "      <td>-0.017949</td>\n",
       "      <td>0.012234</td>\n",
       "      <td>0.029588</td>\n",
       "      <td>0.006025</td>\n",
       "      <td>-0.013038</td>\n",
       "      <td>-0.005414</td>\n",
       "      <td>0.009399</td>\n",
       "      <td>0.028815</td>\n",
       "      <td>0.032061</td>\n",
       "      <td>0.027073</td>\n",
       "    </tr>\n",
       "    <tr>\n",
       "      <th>CSCO</th>\n",
       "      <td>-0.000019</td>\n",
       "      <td>0.003073</td>\n",
       "      <td>0.005448</td>\n",
       "      <td>0.000520</td>\n",
       "      <td>-0.002752</td>\n",
       "      <td>0.000818</td>\n",
       "      <td>0.005385</td>\n",
       "      <td>0.002523</td>\n",
       "      <td>0.008015</td>\n",
       "      <td>-0.002689</td>\n",
       "      <td>0.003007</td>\n",
       "      <td>0.006025</td>\n",
       "      <td>0.003208</td>\n",
       "      <td>-0.000191</td>\n",
       "      <td>-0.000964</td>\n",
       "      <td>0.002737</td>\n",
       "      <td>0.004760</td>\n",
       "      <td>0.005650</td>\n",
       "      <td>0.007766</td>\n",
       "    </tr>\n",
       "    <tr>\n",
       "      <th>CVS</th>\n",
       "      <td>0.011024</td>\n",
       "      <td>0.000001</td>\n",
       "      <td>0.000986</td>\n",
       "      <td>-0.002969</td>\n",
       "      <td>0.001981</td>\n",
       "      <td>-0.005374</td>\n",
       "      <td>-0.010518</td>\n",
       "      <td>-0.008941</td>\n",
       "      <td>-0.022285</td>\n",
       "      <td>0.010589</td>\n",
       "      <td>-0.004937</td>\n",
       "      <td>-0.013038</td>\n",
       "      <td>-0.000191</td>\n",
       "      <td>0.013740</td>\n",
       "      <td>0.003801</td>\n",
       "      <td>-0.002336</td>\n",
       "      <td>-0.015304</td>\n",
       "      <td>-0.015649</td>\n",
       "      <td>-0.007911</td>\n",
       "    </tr>\n",
       "    <tr>\n",
       "      <th>DIS</th>\n",
       "      <td>-0.002267</td>\n",
       "      <td>0.004518</td>\n",
       "      <td>0.000195</td>\n",
       "      <td>-0.003141</td>\n",
       "      <td>0.004988</td>\n",
       "      <td>-0.000552</td>\n",
       "      <td>-0.005601</td>\n",
       "      <td>-0.003719</td>\n",
       "      <td>-0.012602</td>\n",
       "      <td>-0.001646</td>\n",
       "      <td>-0.005588</td>\n",
       "      <td>-0.005414</td>\n",
       "      <td>-0.000964</td>\n",
       "      <td>0.003801</td>\n",
       "      <td>0.010363</td>\n",
       "      <td>0.001562</td>\n",
       "      <td>-0.003809</td>\n",
       "      <td>0.000336</td>\n",
       "      <td>-0.003641</td>\n",
       "    </tr>\n",
       "    <tr>\n",
       "      <th>MA</th>\n",
       "      <td>-0.005973</td>\n",
       "      <td>0.006193</td>\n",
       "      <td>0.005519</td>\n",
       "      <td>0.000448</td>\n",
       "      <td>-0.002255</td>\n",
       "      <td>0.003220</td>\n",
       "      <td>0.008571</td>\n",
       "      <td>0.005725</td>\n",
       "      <td>0.013712</td>\n",
       "      <td>-0.008026</td>\n",
       "      <td>0.003653</td>\n",
       "      <td>0.009399</td>\n",
       "      <td>0.002737</td>\n",
       "      <td>-0.002336</td>\n",
       "      <td>0.001562</td>\n",
       "      <td>0.005559</td>\n",
       "      <td>0.010641</td>\n",
       "      <td>0.013512</td>\n",
       "      <td>0.010959</td>\n",
       "    </tr>\n",
       "    <tr>\n",
       "      <th>RTX</th>\n",
       "      <td>-0.019224</td>\n",
       "      <td>0.010950</td>\n",
       "      <td>0.007442</td>\n",
       "      <td>0.004598</td>\n",
       "      <td>-0.006151</td>\n",
       "      <td>0.010264</td>\n",
       "      <td>0.025146</td>\n",
       "      <td>0.018802</td>\n",
       "      <td>0.048633</td>\n",
       "      <td>-0.022282</td>\n",
       "      <td>0.013026</td>\n",
       "      <td>0.028815</td>\n",
       "      <td>0.004760</td>\n",
       "      <td>-0.015304</td>\n",
       "      <td>-0.003809</td>\n",
       "      <td>0.010641</td>\n",
       "      <td>0.034006</td>\n",
       "      <td>0.036767</td>\n",
       "      <td>0.025933</td>\n",
       "    </tr>\n",
       "    <tr>\n",
       "      <th>AXP</th>\n",
       "      <td>-0.022660</td>\n",
       "      <td>0.014990</td>\n",
       "      <td>0.008120</td>\n",
       "      <td>0.003813</td>\n",
       "      <td>-0.005275</td>\n",
       "      <td>0.011687</td>\n",
       "      <td>0.027485</td>\n",
       "      <td>0.020847</td>\n",
       "      <td>0.049735</td>\n",
       "      <td>-0.025889</td>\n",
       "      <td>0.012392</td>\n",
       "      <td>0.032061</td>\n",
       "      <td>0.005650</td>\n",
       "      <td>-0.015649</td>\n",
       "      <td>0.000336</td>\n",
       "      <td>0.013512</td>\n",
       "      <td>0.036767</td>\n",
       "      <td>0.045061</td>\n",
       "      <td>0.030760</td>\n",
       "    </tr>\n",
       "    <tr>\n",
       "      <th>BX</th>\n",
       "      <td>-0.009269</td>\n",
       "      <td>0.011737</td>\n",
       "      <td>0.013227</td>\n",
       "      <td>0.003296</td>\n",
       "      <td>-0.008547</td>\n",
       "      <td>0.006805</td>\n",
       "      <td>0.023743</td>\n",
       "      <td>0.015201</td>\n",
       "      <td>0.039859</td>\n",
       "      <td>-0.015297</td>\n",
       "      <td>0.012239</td>\n",
       "      <td>0.027073</td>\n",
       "      <td>0.007766</td>\n",
       "      <td>-0.007911</td>\n",
       "      <td>-0.003641</td>\n",
       "      <td>0.010959</td>\n",
       "      <td>0.025933</td>\n",
       "      <td>0.030760</td>\n",
       "      <td>0.030882</td>\n",
       "    </tr>\n",
       "  </tbody>\n",
       "</table>\n",
       "</div>"
      ],
      "text/plain": [
       "           WBD       BCC      SOLV       PFE       OXY        PG         T  \\\n",
       "WBD   0.018795 -0.005188  0.001762 -0.001623 -0.000294 -0.007277 -0.011692   \n",
       "BCC  -0.005188  0.012413  0.007099 -0.000218 -0.000540  0.002812  0.007164   \n",
       "SOLV  0.001762  0.007099  0.010284  0.000205 -0.004909  0.000887  0.007987   \n",
       "PFE  -0.001623 -0.000218  0.000205  0.002355 -0.001833  0.001507  0.004187   \n",
       "OXY  -0.000294 -0.000540 -0.004909 -0.001833  0.005659 -0.001458 -0.007762   \n",
       "PG   -0.007277  0.002812  0.000887  0.001507 -0.001458  0.003797  0.007390   \n",
       "T    -0.011692  0.007164  0.007987  0.004187 -0.007762  0.007390  0.022469   \n",
       "TJX  -0.011008  0.004593  0.001372  0.003263 -0.004403  0.006187  0.015394   \n",
       "MMM  -0.022786  0.012092  0.012121  0.008782 -0.012287  0.013817  0.039094   \n",
       "BA    0.016386 -0.008482 -0.004775 -0.001944  0.002205 -0.007553 -0.015549   \n",
       "O    -0.004095  0.003183  0.005154  0.002873 -0.004891  0.003471  0.011598   \n",
       "KMI  -0.013684  0.008152  0.008451  0.004402 -0.007385  0.008047  0.024258   \n",
       "CSCO -0.000019  0.003073  0.005448  0.000520 -0.002752  0.000818  0.005385   \n",
       "CVS   0.011024  0.000001  0.000986 -0.002969  0.001981 -0.005374 -0.010518   \n",
       "DIS  -0.002267  0.004518  0.000195 -0.003141  0.004988 -0.000552 -0.005601   \n",
       "MA   -0.005973  0.006193  0.005519  0.000448 -0.002255  0.003220  0.008571   \n",
       "RTX  -0.019224  0.010950  0.007442  0.004598 -0.006151  0.010264  0.025146   \n",
       "AXP  -0.022660  0.014990  0.008120  0.003813 -0.005275  0.011687  0.027485   \n",
       "BX   -0.009269  0.011737  0.013227  0.003296 -0.008547  0.006805  0.023743   \n",
       "\n",
       "           TJX       MMM        BA         O       KMI      CSCO       CVS  \\\n",
       "WBD  -0.011008 -0.022786  0.016386 -0.004095 -0.013684 -0.000019  0.011024   \n",
       "BCC   0.004593  0.012092 -0.008482  0.003183  0.008152  0.003073  0.000001   \n",
       "SOLV  0.001372  0.012121 -0.004775  0.005154  0.008451  0.005448  0.000986   \n",
       "PFE   0.003263  0.008782 -0.001944  0.002873  0.004402  0.000520 -0.002969   \n",
       "OXY  -0.004403 -0.012287  0.002205 -0.004891 -0.007385 -0.002752  0.001981   \n",
       "PG    0.006187  0.013817 -0.007553  0.003471  0.008047  0.000818 -0.005374   \n",
       "T     0.015394  0.039094 -0.015549  0.011598  0.024258  0.005385 -0.010518   \n",
       "TJX   0.012816  0.028318 -0.011899  0.007748  0.016689  0.002523 -0.008941   \n",
       "MMM   0.028318  0.079345 -0.028419  0.022947  0.044205  0.008015 -0.022285   \n",
       "BA   -0.011899 -0.028419  0.019388 -0.006245 -0.017949 -0.002689  0.010589   \n",
       "O     0.007748  0.022947 -0.006245  0.008267  0.012234  0.003007 -0.004937   \n",
       "KMI   0.016689  0.044205 -0.017949  0.012234  0.029588  0.006025 -0.013038   \n",
       "CSCO  0.002523  0.008015 -0.002689  0.003007  0.006025  0.003208 -0.000191   \n",
       "CVS  -0.008941 -0.022285  0.010589 -0.004937 -0.013038 -0.000191  0.013740   \n",
       "DIS  -0.003719 -0.012602 -0.001646 -0.005588 -0.005414 -0.000964  0.003801   \n",
       "MA    0.005725  0.013712 -0.008026  0.003653  0.009399  0.002737 -0.002336   \n",
       "RTX   0.018802  0.048633 -0.022282  0.013026  0.028815  0.004760 -0.015304   \n",
       "AXP   0.020847  0.049735 -0.025889  0.012392  0.032061  0.005650 -0.015649   \n",
       "BX    0.015201  0.039859 -0.015297  0.012239  0.027073  0.007766 -0.007911   \n",
       "\n",
       "           DIS        MA       RTX       AXP        BX  \n",
       "WBD  -0.002267 -0.005973 -0.019224 -0.022660 -0.009269  \n",
       "BCC   0.004518  0.006193  0.010950  0.014990  0.011737  \n",
       "SOLV  0.000195  0.005519  0.007442  0.008120  0.013227  \n",
       "PFE  -0.003141  0.000448  0.004598  0.003813  0.003296  \n",
       "OXY   0.004988 -0.002255 -0.006151 -0.005275 -0.008547  \n",
       "PG   -0.000552  0.003220  0.010264  0.011687  0.006805  \n",
       "T    -0.005601  0.008571  0.025146  0.027485  0.023743  \n",
       "TJX  -0.003719  0.005725  0.018802  0.020847  0.015201  \n",
       "MMM  -0.012602  0.013712  0.048633  0.049735  0.039859  \n",
       "BA   -0.001646 -0.008026 -0.022282 -0.025889 -0.015297  \n",
       "O    -0.005588  0.003653  0.013026  0.012392  0.012239  \n",
       "KMI  -0.005414  0.009399  0.028815  0.032061  0.027073  \n",
       "CSCO -0.000964  0.002737  0.004760  0.005650  0.007766  \n",
       "CVS   0.003801 -0.002336 -0.015304 -0.015649 -0.007911  \n",
       "DIS   0.010363  0.001562 -0.003809  0.000336 -0.003641  \n",
       "MA    0.001562  0.005559  0.010641  0.013512  0.010959  \n",
       "RTX  -0.003809  0.010641  0.034006  0.036767  0.025933  \n",
       "AXP   0.000336  0.013512  0.036767  0.045061  0.030760  \n",
       "BX   -0.003641  0.010959  0.025933  0.030760  0.030882  "
      ]
     },
     "execution_count": 15,
     "metadata": {},
     "output_type": "execute_result"
    }
   ],
   "source": [
    "cumulative_returns.cov()"
   ]
  },
  {
   "cell_type": "code",
   "execution_count": 16,
   "id": "30e53843-eb64-4d6e-9766-409608f29263",
   "metadata": {},
   "outputs": [
    {
     "name": "stderr",
     "output_type": "stream",
     "text": [
      "2024-11-12 12:15:36.844 WARNING streamlit.runtime.scriptrunner_utils.script_run_context: Thread 'MainThread': missing ScriptRunContext! This warning can be ignored when running in bare mode.\n",
      "2024-11-12 12:15:36.889 \n",
      "  \u001b[33m\u001b[1mWarning:\u001b[0m to view this Streamlit app on a browser, run it with the following\n",
      "  command:\n",
      "\n",
      "    streamlit run /Users/shimronalakkal/Desktop/summer research/env/lib/python3.10/site-packages/ipykernel_launcher.py [ARGUMENTS]\n",
      "2024-11-12 12:15:36.890 Thread 'MainThread': missing ScriptRunContext! This warning can be ignored when running in bare mode.\n"
     ]
    }
   ],
   "source": [
    "slt.subheader('portfolio vs Index SnP 500')\n",
    "\n",
    "t = pd.concat([bmark_deviation, mean_portfolio_cumilative_return], axis = 1)\n",
    "t.columns = ['SnP 500 Performance', 'Portfolio Performance']"
   ]
  },
  {
   "cell_type": "code",
   "execution_count": 17,
   "id": "8dc42041-4776-4629-880f-394e2ebdbe4b",
   "metadata": {},
   "outputs": [
    {
     "name": "stderr",
     "output_type": "stream",
     "text": [
      "2024-11-12 12:15:37.551 Thread 'MainThread': missing ScriptRunContext! This warning can be ignored when running in bare mode.\n",
      "2024-11-12 12:15:37.552 Thread 'MainThread': missing ScriptRunContext! This warning can be ignored when running in bare mode.\n"
     ]
    },
    {
     "data": {
      "text/plain": [
       "DeltaGenerator()"
      ]
     },
     "execution_count": 17,
     "metadata": {},
     "output_type": "execute_result"
    }
   ],
   "source": [
    "slt.line_chart(data = t)"
   ]
  },
  {
   "cell_type": "code",
   "execution_count": 18,
   "id": "8caa7810-6209-4c6c-91a6-7c6c80d82f82",
   "metadata": {},
   "outputs": [
    {
     "name": "stderr",
     "output_type": "stream",
     "text": [
      "2024-11-12 12:15:39.210 Thread 'MainThread': missing ScriptRunContext! This warning can be ignored when running in bare mode.\n",
      "2024-11-12 12:15:39.214 Thread 'MainThread': missing ScriptRunContext! This warning can be ignored when running in bare mode.\n",
      "2024-11-12 12:15:39.216 Thread 'MainThread': missing ScriptRunContext! This warning can be ignored when running in bare mode.\n",
      "2024-11-12 12:15:39.216 Thread 'MainThread': missing ScriptRunContext! This warning can be ignored when running in bare mode.\n"
     ]
    },
    {
     "name": "stdout",
     "output_type": "stream",
     "text": [
      "0.0671\n",
      "0.0077\n"
     ]
    }
   ],
   "source": [
    "slt.subheader(\"Porfolio Risk\")\n",
    "print(round(portfolio_std_dev,4))\n",
    "\n",
    "slt.subheader(\"Benchmark Risk\")\n",
    "print(round(bmark_perc_return.std(),4))\n"
   ]
  },
  {
   "cell_type": "code",
   "execution_count": 19,
   "id": "1390f2a9-9813-4d16-aa35-dbb3588c6359",
   "metadata": {},
   "outputs": [
    {
     "name": "stderr",
     "output_type": "stream",
     "text": [
      "2024-11-12 12:15:39.766 Thread 'MainThread': missing ScriptRunContext! This warning can be ignored when running in bare mode.\n",
      "2024-11-12 12:15:39.847 Thread 'MainThread': missing ScriptRunContext! This warning can be ignored when running in bare mode.\n",
      "2024-11-12 12:15:39.848 Thread 'MainThread': missing ScriptRunContext! This warning can be ignored when running in bare mode.\n"
     ]
    },
    {
     "data": {
