{
 "cells": [
  {
   "cell_type": "code",
   "execution_count": 9,
   "id": "54d3db5d-2a95-4afc-a133-bf2f0c55b7ab",
   "metadata": {},
   "outputs": [],
   "source": [
    "import yfinance as yf\n",
    "import riskfolio as rf\n",
    "import pandas as pd\n",
    "import seaborn as sns\n",
    "import numpy as np\n",
    "import streamlit as slt\n",
    "import matplotlib.pyplot as plt\n",
    "from datetime import datetime, timedelta\n",
    "\n",
    "# ignore unwanted warnings\n",
    "import warnings \n",
    "warnings.filterwarnings(\"ignore\")"
   ]
  },
  {
   "cell_type": "code",
   "execution_count": 10,
   "id": "080b2790-1cc7-47ca-ab9e-c4db0ff4bd2d",
   "metadata": {},
   "outputs": [],
   "source": [
    "tickers = [\"WBD\",\"BCC\",\"SOLV\",\"PFE\",\"OXY\",\"PG\",\"T\",\"TJX\",\"MMM\",\"BA\",\"O\",\"KMI\",\"CSCO\",\"CVS\",\"DIS\",\"MA\",\"RTX\",\"AXP\",\"BX\"]\n",
    "years_delta = 1\n",
    "end_date = datetime.today()\n",
    "start_date = end_date - timedelta(days =  years_delta * 365)"
   ]
  },
  {
   "cell_type": "code",
   "execution_count": 11,
   "id": "a92a991b-7ca9-47a9-878e-7656a5c9637b",
   "metadata": {},
   "outputs": [
    {
     "name": "stderr",
     "output_type": "stream",
     "text": [
      "[*********************100%%**********************]  1 of 1 completed\n",
      "[*********************100%%**********************]  1 of 1 completed\n",
      "[*********************100%%**********************]  1 of 1 completed\n",
      "[*********************100%%**********************]  1 of 1 completed\n",
      "[*********************100%%**********************]  1 of 1 completed\n",
      "[*********************100%%**********************]  1 of 1 completed\n",
      "[*********************100%%**********************]  1 of 1 completed\n",
      "[*********************100%%**********************]  1 of 1 completed\n",
      "[*********************100%%**********************]  1 of 1 completed\n",
      "[*********************100%%**********************]  1 of 1 completed\n",
      "[*********************100%%**********************]  1 of 1 completed\n",
      "[*********************100%%**********************]  1 of 1 completed\n",
      "[*********************100%%**********************]  1 of 1 completed\n",
      "[*********************100%%**********************]  1 of 1 completed\n",
      "[*********************100%%**********************]  1 of 1 completed\n",
      "[*********************100%%**********************]  1 of 1 completed\n",
      "[*********************100%%**********************]  1 of 1 completed\n",
      "[*********************100%%**********************]  1 of 1 completed\n",
      "[*********************100%%**********************]  1 of 1 completed\n"
     ]
    }
   ],
   "source": [
    "adj_close_df = pd.DataFrame()\n",
    "perc_change_df = pd.DataFrame()\n",
    "\n",
    "for scrip in tickers:\n",
    "    data = yf.download(scrip, start = start_date, end = end_date)\n",
    "    adj_close_df[scrip] = data['Adj Close']\n",
    "    perc_change_df[scrip] = data['Adj Close'].pct_change()"
   ]
  },
  {
   "cell_type": "code",
   "execution_count": 12,
   "id": "e3a533de-3e18-40c4-9f4b-0757be376b51",
   "metadata": {},
   "outputs": [
    {
     "data": {
      "text/html": [
       "<div>\n",
       "<style scoped>\n",
       "    .dataframe tbody tr th:only-of-type {\n",
       "        vertical-align: middle;\n",
       "    }\n",
       "\n",
       "    .dataframe tbody tr th {\n",
       "        vertical-align: top;\n",
       "    }\n",
       "\n",
       "    .dataframe thead th {\n",
       "        text-align: right;\n",
       "    }\n",
       "</style>\n",
       "<table border=\"1\" class=\"dataframe\">\n",
       "  <thead>\n",
       "    <tr style=\"text-align: right;\">\n",
       "      <th></th>\n",
       "      <th>WBD</th>\n",
       "      <th>BCC</th>\n",
       "      <th>SOLV</th>\n",
       "      <th>PFE</th>\n",
       "      <th>OXY</th>\n",
       "      <th>PG</th>\n",
       "      <th>T</th>\n",
       "      <th>TJX</th>\n",
       "      <th>MMM</th>\n",
       "      <th>BA</th>\n",
       "      <th>O</th>\n",
       "      <th>KMI</th>\n",
       "      <th>CSCO</th>\n",
       "      <th>CVS</th>\n",
       "      <th>DIS</th>\n",
       "      <th>MA</th>\n",
       "      <th>RTX</th>\n",
       "      <th>AXP</th>\n",
       "      <th>BX</th>\n",
       "    </tr>\n",
       "    <tr>\n",
       "      <th>Date</th>\n",
       "      <th></th>\n",
       "      <th></th>\n",
       "      <th></th>\n",
       "      <th></th>\n",
       "      <th></th>\n",
       "      <th></th>\n",
       "      <th></th>\n",
       "      <th></th>\n",
       "      <th></th>\n",
       "      <th></th>\n",
       "      <th></th>\n",
       "      <th></th>\n",
       "      <th></th>\n",
       "      <th></th>\n",
       "      <th></th>\n",
       "      <th></th>\n",
       "      <th></th>\n",
       "      <th></th>\n",
       "      <th></th>\n",
       "    </tr>\n",
       "  </thead>\n",
       "  <tbody>\n",
       "    <tr>\n",
       "      <th>2024-04-02</th>\n",
       "      <td>-0.178295</td>\n",
       "      <td>0.674538</td>\n",
       "      <td>-0.031838</td>\n",
       "      <td>-0.139076</td>\n",
       "      <td>0.071163</td>\n",
       "      <td>0.134552</td>\n",
       "      <td>0.232235</td>\n",
       "      <td>0.126595</td>\n",
       "      <td>0.287995</td>\n",
       "      <td>-0.017041</td>\n",
       "      <td>0.082608</td>\n",
       "      <td>0.126818</td>\n",
       "      <td>-0.076247</td>\n",
       "      <td>0.059361</td>\n",
       "      <td>0.460821</td>\n",
       "      <td>0.200764</td>\n",
       "      <td>0.363302</td>\n",
       "      <td>0.495628</td>\n",
       "      <td>0.224349</td>\n",
       "    </tr>\n",
       "    <tr>\n",
       "      <th>2024-04-03</th>\n",
       "      <td>-0.154070</td>\n",
       "      <td>0.696573</td>\n",
       "      <td>-0.075398</td>\n",
       "      <td>-0.149389</td>\n",
       "      <td>0.078329</td>\n",
       "      <td>0.103321</td>\n",
       "      <td>0.238565</td>\n",
       "      <td>0.101791</td>\n",
       "      <td>0.292850</td>\n",
       "      <td>-0.033351</td>\n",
       "      <td>0.080560</td>\n",
       "      <td>0.134770</td>\n",
       "      <td>-0.080398</td>\n",
       "      <td>0.070555</td>\n",
       "      <td>0.415148</td>\n",
       "      <td>0.195730</td>\n",
       "      <td>0.349468</td>\n",
       "      <td>0.502923</td>\n",
       "      <td>0.226869</td>\n",
       "    </tr>\n",
       "    <tr>\n",
       "      <th>2024-04-04</th>\n",
       "      <td>-0.182171</td>\n",
       "      <td>0.676786</td>\n",
       "      <td>-0.030391</td>\n",
       "      <td>-0.167201</td>\n",
       "      <td>0.077055</td>\n",
       "      <td>0.098375</td>\n",
       "      <td>0.235752</td>\n",
       "      <td>0.084462</td>\n",
       "      <td>0.256086</td>\n",
       "      <td>-0.041871</td>\n",
       "      <td>0.077489</td>\n",
       "      <td>0.127429</td>\n",
       "      <td>-0.092285</td>\n",
       "      <td>0.060509</td>\n",
       "      <td>0.392669</td>\n",
       "      <td>0.176570</td>\n",
       "      <td>0.373815</td>\n",
       "      <td>0.460748</td>\n",
       "      <td>0.221441</td>\n",
       "    </tr>\n",
       "    <tr>\n",
       "      <th>2024-04-05</th>\n",
       "      <td>-0.193798</td>\n",
       "      <td>0.708714</td>\n",
       "      <td>0.013893</td>\n",
       "      <td>-0.166888</td>\n",
       "      <td>0.102855</td>\n",
       "      <td>0.102968</td>\n",
       "      <td>0.225202</td>\n",
       "      <td>0.096467</td>\n",
       "      <td>0.262884</td>\n",
       "      <td>-0.042656</td>\n",
       "      <td>0.085475</td>\n",
       "      <td>0.129265</td>\n",
       "      <td>-0.083983</td>\n",
       "      <td>0.070267</td>\n",
       "      <td>0.408012</td>\n",
       "      <td>0.195054</td>\n",
       "      <td>0.406739</td>\n",
       "      <td>0.479840</td>\n",
       "      <td>0.236659</td>\n",
       "    </tr>\n",
       "    <tr>\n",
       "      <th>2024-04-08</th>\n",
       "      <td>-0.174419</td>\n",
       "      <td>0.713661</td>\n",
       "      <td>-0.030246</td>\n",
       "      <td>-0.169388</td>\n",
       "      <td>0.094573</td>\n",
       "      <td>0.102544</td>\n",
       "      <td>0.213245</td>\n",
       "      <td>0.089899</td>\n",
       "      <td>0.275370</td>\n",
       "      <td>-0.050915</td>\n",
       "      <td>0.098375</td>\n",
       "      <td>0.123147</td>\n",
       "      <td>-0.089832</td>\n",
       "      <td>0.068258</td>\n",
       "      <td>0.395761</td>\n",
       "      <td>0.200973</td>\n",
       "      <td>0.409368</td>\n",
       "      <td>0.490816</td>\n",
       "      <td>0.253526</td>\n",
       "    </tr>\n",
       "  </tbody>\n",
       "</table>\n",
       "</div>"
      ],
      "text/plain": [
       "                 WBD       BCC      SOLV       PFE       OXY        PG  \\\n",
       "Date                                                                     \n",
       "2024-04-02 -0.178295  0.674538 -0.031838 -0.139076  0.071163  0.134552   \n",
       "2024-04-03 -0.154070  0.696573 -0.075398 -0.149389  0.078329  0.103321   \n",
       "2024-04-04 -0.182171  0.676786 -0.030391 -0.167201  0.077055  0.098375   \n",
       "2024-04-05 -0.193798  0.708714  0.013893 -0.166888  0.102855  0.102968   \n",
       "2024-04-08 -0.174419  0.713661 -0.030246 -0.169388  0.094573  0.102544   \n",
       "\n",
       "                   T       TJX       MMM        BA         O       KMI  \\\n",
       "Date                                                                     \n",
       "2024-04-02  0.232235  0.126595  0.287995 -0.017041  0.082608  0.126818   \n",
       "2024-04-03  0.238565  0.101791  0.292850 -0.033351  0.080560  0.134770   \n",
       "2024-04-04  0.235752  0.084462  0.256086 -0.041871  0.077489  0.127429   \n",
       "2024-04-05  0.225202  0.096467  0.262884 -0.042656  0.085475  0.129265   \n",
       "2024-04-08  0.213245  0.089899  0.275370 -0.050915  0.098375  0.123147   \n",
       "\n",
       "                CSCO       CVS       DIS        MA       RTX       AXP  \\\n",
       "Date                                                                     \n",
       "2024-04-02 -0.076247  0.059361  0.460821  0.200764  0.363302  0.495628   \n",
       "2024-04-03 -0.080398  0.070555  0.415148  0.195730  0.349468  0.502923   \n",
       "2024-04-04 -0.092285  0.060509  0.392669  0.176570  0.373815  0.460748   \n",
       "2024-04-05 -0.083983  0.070267  0.408012  0.195054  0.406739  0.479840   \n",
       "2024-04-08 -0.089832  0.068258  0.395761  0.200973  0.409368  0.490816   \n",
       "\n",
       "                  BX  \n",
       "Date                  \n",
       "2024-04-02  0.224349  \n",
       "2024-04-03  0.226869  \n",
       "2024-04-04  0.221441  \n",
       "2024-04-05  0.236659  \n",
       "2024-04-08  0.253526  "
      ]
     },
     "execution_count": 12,
     "metadata": {},
     "output_type": "execute_result"
    }
   ],
   "source": [
    "cumulative_returns = cumulative_returns.dropna()\n",
    "cumulative_returns.head()"
   ]
  },
  {
   "cell_type": "code",
   "execution_count": 13,
   "id": "646a33bc-4a8e-4869-998c-1123d8b5affe",
   "metadata": {},
   "outputs": [
    {
     "data": {
      "text/plain": [
       "Date\n",
       "2023-10-12         NaN\n",
       "2023-10-13   -0.001377\n",
       "2023-10-16    0.010562\n",
       "2023-10-17    0.014575\n",
       "2023-10-18    0.001968\n",
       "dtype: float64"
      ]
     },
     "execution_count": 13,
     "metadata": {},
     "output_type": "execute_result"
    }
   ],
   "source": [
    "mean_portfolio_cumilative_return.head()"
   ]
  },
  {
   "cell_type": "code",
   "execution_count": 14,
   "id": "9641bc6f-a281-4d99-af58-a6bc01136549",
   "metadata": {},
   "outputs": [],
   "source": [
    "cumulative_returns = ( perc_change_df + 1 ).cumprod() - 1\n",
    "\n",
    "# mean returns of portfolio along the rows\n",
    "mean_portfolio_cumilative_return = cumulative_returns.mean(axis = 1)"
   ]
  },
  {
   "cell_type": "code",
   "execution_count": 15,
   "id": "fa41fd8e-f907-4e97-bbc1-540e5524a3b0",
   "metadata": {},
   "outputs": [
    {
     "name": "stderr",
     "output_type": "stream",
     "text": [
      "[*********************100%%**********************]  1 of 1 completed\n"
     ]
    },
    {
     "data": {
      "text/plain": [
       "Date\n",
       "2023-10-12         NaN\n",
       "2023-10-13   -0.005019\n",
       "2023-10-16    0.005522\n",
       "2023-10-17    0.005424\n",
       "2023-10-18   -0.008049\n",
       "                ...   \n",
       "2024-10-07    0.309529\n",
       "2024-10-08    0.322217\n",
       "2024-10-09    0.331623\n",
       "2024-10-10    0.328866\n",
       "2024-10-11    0.336908\n",
       "Name: Adj Close, Length: 252, dtype: float64"
      ]
     },
     "execution_count": 15,
     "metadata": {},
     "output_type": "execute_result"
    }
   ],
   "source": [
    "benchmark = yf.download(\"^GSPC\", start=start_date)['Adj Close']\n",
    "bmark_perc_return = benchmark.pct_change()\n",
    "bmark_deviation =  ( bmark_perc_return + 1 ).cumprod() - 1\n",
    "bmark_deviation"
   ]
  },
  {
   "cell_type": "code",
   "execution_count": 16,
   "id": "ce49f115-93e1-406e-a025-854db7594a8b",
   "metadata": {},
   "outputs": [],
   "source": [
    "weights = ( np.ones( len(cumulative_returns.cov())) / len(cumulative_returns.cov()) )\n",
    "\n",
    "portfolio_std_dev = (weights.dot(cumulative_returns.cov()).dot(weights)) ** 0.5"
   ]
  },
  {
   "cell_type": "code",
   "execution_count": 17,
   "id": "9a757dc0-f195-4fd9-963f-390b2d695035",
   "metadata": {},
   "outputs": [
    {
     "data": {
      "text/plain": [
       "array([0.05263158, 0.05263158, 0.05263158, 0.05263158, 0.05263158,\n",
       "       0.05263158, 0.05263158, 0.05263158, 0.05263158, 0.05263158,\n",
       "       0.05263158, 0.05263158, 0.05263158, 0.05263158, 0.05263158,\n",
       "       0.05263158, 0.05263158, 0.05263158, 0.05263158])"
      ]
     },
     "execution_count": 17,
     "metadata": {},
     "output_type": "execute_result"
    }
   ],
   "source": [
    "weights"
   ]
  },
  {
   "cell_type": "code",
   "execution_count": 18,
   "id": "fd9c5fef-0cfb-4be5-819a-b23b49bffc97",
   "metadata": {},
   "outputs": [
    {
     "data": {
      "text/plain": [
       "0.07050496901935163"
      ]
     },
     "execution_count": 18,
     "metadata": {},
     "output_type": "execute_result"
    }
   ],
   "source": [
    "portfolio_std_dev"
   ]
  },
  {
   "cell_type": "code",
   "execution_count": 19,
   "id": "3fc5cb50-cc0d-4232-917d-6f07647d1316",
   "metadata": {},
   "outputs": [
    {
     "data": {
      "text/html": [
       "<div>\n",
       "<style scoped>\n",
       "    .dataframe tbody tr th:only-of-type {\n",
       "        vertical-align: middle;\n",
       "    }\n",
       "\n",
       "    .dataframe tbody tr th {\n",
       "        vertical-align: top;\n",
       "    }\n",
       "\n",
       "    .dataframe thead th {\n",
       "        text-align: right;\n",
       "    }\n",
       "</style>\n",
       "<table border=\"1\" class=\"dataframe\">\n",
       "  <thead>\n",
       "    <tr style=\"text-align: right;\">\n",
       "      <th></th>\n",
       "      <th>WBD</th>\n",
       "      <th>BCC</th>\n",
       "      <th>SOLV</th>\n",
       "      <th>PFE</th>\n",
       "      <th>OXY</th>\n",
       "      <th>PG</th>\n",
       "      <th>T</th>\n",
       "      <th>TJX</th>\n",
       "      <th>MMM</th>\n",
       "      <th>BA</th>\n",
       "      <th>O</th>\n",
       "      <th>KMI</th>\n",
       "      <th>CSCO</th>\n",
       "      <th>CVS</th>\n",
       "      <th>DIS</th>\n",
       "      <th>MA</th>\n",
       "      <th>RTX</th>\n",
       "      <th>AXP</th>\n",
       "      <th>BX</th>\n",
       "    </tr>\n",
       "  </thead>\n",
       "  <tbody>\n",
       "    <tr>\n",
       "      <th>WBD</th>\n",
       "      <td>0.018602</td>\n",
       "      <td>-0.010060</td>\n",
       "      <td>0.001578</td>\n",
       "      <td>-0.000489</td>\n",
       "      <td>-0.000530</td>\n",
       "      <td>-0.008215</td>\n",
       "      <td>-0.012847</td>\n",
       "      <td>-0.011833</td>\n",
       "      <td>-0.024528</td>\n",
       "      <td>0.015484</td>\n",
       "      <td>-0.004730</td>\n",
       "      <td>-0.012984</td>\n",
       "      <td>0.001520</td>\n",
       "      <td>0.009990</td>\n",
       "      <td>-0.004839</td>\n",
       "      <td>-0.006842</td>\n",
       "      <td>-0.022352</td>\n",
       "      <td>-0.026040</td>\n",
       "      <td>-0.009691</td>\n",
       "    </tr>\n",
       "    <tr>\n",
       "      <th>BCC</th>\n",
       "      <td>-0.010060</td>\n",
       "      <td>0.030279</td>\n",
       "      <td>0.006750</td>\n",
       "      <td>-0.002223</td>\n",
       "      <td>-0.000675</td>\n",
       "      <td>0.006286</td>\n",
       "      <td>0.013376</td>\n",
       "      <td>0.009228</td>\n",
       "      <td>0.022721</td>\n",
       "      <td>-0.007066</td>\n",
       "      <td>0.007880</td>\n",
       "      <td>0.010977</td>\n",
       "      <td>-0.000292</td>\n",
       "      <td>0.000014</td>\n",
       "      <td>0.012769</td>\n",
       "      <td>0.011466</td>\n",
       "      <td>0.021778</td>\n",
       "      <td>0.031031</td>\n",
       "      <td>0.019144</td>\n",
       "    </tr>\n",
       "    <tr>\n",
       "      <th>SOLV</th>\n",
       "      <td>0.001578</td>\n",
       "      <td>0.006750</td>\n",
       "      <td>0.007879</td>\n",
       "      <td>0.000040</td>\n",
       "      <td>-0.002216</td>\n",
       "      <td>0.000699</td>\n",
       "      <td>0.003887</td>\n",
       "      <td>-0.000371</td>\n",
       "      <td>0.008103</td>\n",
       "      <td>-0.003429</td>\n",
       "      <td>0.003722</td>\n",
       "      <td>0.001931</td>\n",
       "      <td>0.002591</td>\n",
       "      <td>0.001573</td>\n",
       "      <td>0.000854</td>\n",
       "      <td>0.003300</td>\n",
       "      <td>0.005012</td>\n",
       "      <td>0.004056</td>\n",
       "      <td>0.005375</td>\n",
       "    </tr>\n",
       "    <tr>\n",
       "      <th>PFE</th>\n",
       "      <td>-0.000489</td>\n",
       "      <td>-0.002223</td>\n",
       "      <td>0.000040</td>\n",
       "      <td>0.002023</td>\n",
       "      <td>-0.001187</td>\n",
       "      <td>0.000885</td>\n",
       "      <td>0.002572</td>\n",
       "      <td>0.002145</td>\n",
       "      <td>0.005900</td>\n",
       "      <td>-0.001661</td>\n",
       "      <td>0.001635</td>\n",
       "      <td>0.002659</td>\n",
       "      <td>0.000473</td>\n",
       "      <td>-0.002303</td>\n",
       "      <td>-0.003641</td>\n",
       "      <td>-0.000478</td>\n",
       "      <td>0.002675</td>\n",
       "      <td>0.001011</td>\n",
       "      <td>0.001020</td>\n",
       "    </tr>\n",
       "    <tr>\n",
       "      <th>OXY</th>\n",
       "      <td>-0.000530</td>\n",
       "      <td>-0.000675</td>\n",
       "      <td>-0.002216</td>\n",
       "      <td>-0.001187</td>\n",
       "      <td>0.004113</td>\n",
       "      <td>-0.001224</td>\n",
       "      <td>-0.005384</td>\n",
       "      <td>-0.003306</td>\n",
       "      <td>-0.008953</td>\n",
       "      <td>0.000035</td>\n",
       "      <td>-0.003912</td>\n",
       "      <td>-0.003248</td>\n",
       "      <td>-0.000860</td>\n",
       "      <td>0.000925</td>\n",
       "      <td>0.004169</td>\n",
       "      <td>-0.001112</td>\n",
       "      <td>-0.004321</td>\n",
       "      <td>-0.002942</td>\n",
       "      <td>-0.004228</td>\n",
       "    </tr>\n",
       "    <tr>\n",
       "      <th>PG</th>\n",
       "      <td>-0.008215</td>\n",
       "      <td>0.006286</td>\n",
       "      <td>0.000699</td>\n",
       "      <td>0.000885</td>\n",
       "      <td>-0.001224</td>\n",
       "      <td>0.004823</td>\n",
       "      <td>0.008794</td>\n",
       "      <td>0.007316</td>\n",
       "      <td>0.016199</td>\n",
       "      <td>-0.007500</td>\n",
       "      <td>0.004249</td>\n",
       "      <td>0.008042</td>\n",
       "      <td>-0.000301</td>\n",
       "      <td>-0.005313</td>\n",
       "      <td>0.001098</td>\n",
       "      <td>0.004058</td>\n",
       "      <td>0.013227</td>\n",
       "      <td>0.014993</td>\n",
       "      <td>0.007350</td>\n",
       "    </tr>\n",
       "    <tr>\n",
       "      <th>T</th>\n",
       "      <td>-0.012847</td>\n",
       "      <td>0.013376</td>\n",
       "      <td>0.003887</td>\n",
       "      <td>0.002572</td>\n",
       "      <td>-0.005384</td>\n",
       "      <td>0.008794</td>\n",
       "      <td>0.021639</td>\n",
       "      <td>0.015969</td>\n",
       "      <td>0.039090</td>\n",
       "      <td>-0.012217</td>\n",
       "      <td>0.012045</td>\n",
       "      <td>0.018357</td>\n",
       "      <td>0.000804</td>\n",
       "      <td>-0.008833</td>\n",
       "      <td>-0.002002</td>\n",
       "      <td>0.008355</td>\n",
       "      <td>0.027612</td>\n",
       "      <td>0.029745</td>\n",
       "      <td>0.018551</td>\n",
       "    </tr>\n",
       "    <tr>\n",
       "      <th>TJX</th>\n",
       "      <td>-0.011833</td>\n",
       "      <td>0.009228</td>\n",
       "      <td>-0.000371</td>\n",
       "      <td>0.002145</td>\n",
       "      <td>-0.003306</td>\n",
       "      <td>0.007316</td>\n",
       "      <td>0.015969</td>\n",
       "      <td>0.013666</td>\n",
       "      <td>0.029602</td>\n",
       "      <td>-0.010368</td>\n",
       "      <td>0.008404</td>\n",
       "      <td>0.014270</td>\n",
       "      <td>0.000088</td>\n",
       "      <td>-0.008060</td>\n",
       "      <td>-0.001221</td>\n",
       "      <td>0.006185</td>\n",
       "      <td>0.021647</td>\n",
       "      <td>0.023680</td>\n",
       "      <td>0.013522</td>\n",
       "    </tr>\n",
       "    <tr>\n",
       "      <th>MMM</th>\n",
       "      <td>-0.024528</td>\n",
       "      <td>0.022721</td>\n",
       "      <td>0.008103</td>\n",
       "      <td>0.005900</td>\n",
       "      <td>-0.008953</td>\n",
       "      <td>0.016199</td>\n",
       "      <td>0.039090</td>\n",
       "      <td>0.029602</td>\n",
       "      <td>0.081266</td>\n",
       "      <td>-0.023804</td>\n",
       "      <td>0.024017</td>\n",
       "      <td>0.036408</td>\n",
       "      <td>0.001258</td>\n",
       "      <td>-0.019845</td>\n",
       "      <td>-0.006867</td>\n",
       "      <td>0.014018</td>\n",
       "      <td>0.054544</td>\n",
       "      <td>0.054831</td>\n",
       "      <td>0.033496</td>\n",
       "    </tr>\n",
       "    <tr>\n",
       "      <th>BA</th>\n",
       "      <td>0.015484</td>\n",
       "      <td>-0.007066</td>\n",
       "      <td>-0.003429</td>\n",
       "      <td>-0.001661</td>\n",
       "      <td>0.000035</td>\n",
       "      <td>-0.007500</td>\n",
       "      <td>-0.012217</td>\n",
       "      <td>-0.010368</td>\n",
       "      <td>-0.023804</td>\n",
       "      <td>0.019076</td>\n",
       "      <td>-0.004403</td>\n",
       "      <td>-0.012079</td>\n",
       "      <td>-0.000658</td>\n",
       "      <td>0.009387</td>\n",
       "      <td>-0.001973</td>\n",
       "      <td>-0.005763</td>\n",
       "      <td>-0.020765</td>\n",
       "      <td>-0.021471</td>\n",
       "      <td>-0.007989</td>\n",
       "    </tr>\n",
       "    <tr>\n",
       "      <th>O</th>\n",
       "      <td>-0.004730</td>\n",
       "      <td>0.007880</td>\n",
       "      <td>0.003722</td>\n",
       "      <td>0.001635</td>\n",
       "      <td>-0.003912</td>\n",
       "      <td>0.004249</td>\n",
       "      <td>0.012045</td>\n",
       "      <td>0.008404</td>\n",
       "      <td>0.024017</td>\n",
       "      <td>-0.004403</td>\n",
       "      <td>0.008716</td>\n",
       "      <td>0.010423</td>\n",
       "      <td>0.000746</td>\n",
       "      <td>-0.004123</td>\n",
       "      <td>-0.003045</td>\n",
       "      <td>0.004330</td>\n",
       "      <td>0.015096</td>\n",
       "      <td>0.015367</td>\n",
       "      <td>0.011368</td>\n",
       "    </tr>\n",
       "    <tr>\n",
       "      <th>KMI</th>\n",
       "      <td>-0.012984</td>\n",
       "      <td>0.010977</td>\n",
       "      <td>0.001931</td>\n",
       "      <td>0.002659</td>\n",
       "      <td>-0.003248</td>\n",
       "      <td>0.008042</td>\n",
       "      <td>0.018357</td>\n",
       "      <td>0.014270</td>\n",
       "      <td>0.036408</td>\n",
       "      <td>-0.012079</td>\n",
       "      <td>0.010423</td>\n",
       "      <td>0.017850</td>\n",
       "      <td>0.000263</td>\n",
       "      <td>-0.009724</td>\n",
       "      <td>-0.001868</td>\n",
       "      <td>0.006773</td>\n",
       "      <td>0.025773</td>\n",
       "      <td>0.027520</td>\n",
       "      <td>0.015649</td>\n",
       "    </tr>\n",
       "    <tr>\n",
       "      <th>CSCO</th>\n",
       "      <td>0.001520</td>\n",
       "      <td>-0.000292</td>\n",
       "      <td>0.002591</td>\n",
       "      <td>0.000473</td>\n",
       "      <td>-0.000860</td>\n",
       "      <td>-0.000301</td>\n",
       "      <td>0.000804</td>\n",
       "      <td>0.000088</td>\n",
       "      <td>0.001258</td>\n",
       "      <td>-0.000658</td>\n",
       "      <td>0.000746</td>\n",
       "      <td>0.000263</td>\n",
       "      <td>0.001597</td>\n",
       "      <td>0.001081</td>\n",
       "      <td>-0.001545</td>\n",
       "      <td>0.000132</td>\n",
       "      <td>-0.000096</td>\n",
       "      <td>-0.000878</td>\n",
       "      <td>0.000774</td>\n",
       "    </tr>\n",
       "    <tr>\n",
       "      <th>CVS</th>\n",
       "      <td>0.009990</td>\n",
       "      <td>0.000014</td>\n",
       "      <td>0.001573</td>\n",
       "      <td>-0.002303</td>\n",
       "      <td>0.000925</td>\n",
       "      <td>-0.005313</td>\n",
       "      <td>-0.008833</td>\n",
       "      <td>-0.008060</td>\n",
       "      <td>-0.019845</td>\n",
       "      <td>0.009387</td>\n",
       "      <td>-0.004123</td>\n",
       "      <td>-0.009724</td>\n",
       "      <td>0.001081</td>\n",
       "      <td>0.011875</td>\n",
       "      <td>0.003276</td>\n",
       "      <td>-0.001426</td>\n",
       "      <td>-0.014704</td>\n",
       "      <td>-0.013639</td>\n",
       "      <td>-0.004424</td>\n",
       "    </tr>\n",
       "    <tr>\n",
       "      <th>DIS</th>\n",
       "      <td>-0.004839</td>\n",
       "      <td>0.012769</td>\n",
       "      <td>0.000854</td>\n",
       "      <td>-0.003641</td>\n",
       "      <td>0.004169</td>\n",
       "      <td>0.001098</td>\n",
       "      <td>-0.002002</td>\n",
       "      <td>-0.001221</td>\n",
       "      <td>-0.006867</td>\n",
       "      <td>-0.001973</td>\n",
       "      <td>-0.003045</td>\n",
       "      <td>-0.001868</td>\n",
       "      <td>-0.001545</td>\n",
       "      <td>0.003276</td>\n",
       "      <td>0.014653</td>\n",
       "      <td>0.004754</td>\n",
       "      <td>0.001352</td>\n",
       "      <td>0.009071</td>\n",
       "      <td>0.002361</td>\n",
       "    </tr>\n",
       "    <tr>\n",
       "      <th>MA</th>\n",
       "      <td>-0.006842</td>\n",
       "      <td>0.011466</td>\n",
       "      <td>0.003300</td>\n",
       "      <td>-0.000478</td>\n",
       "      <td>-0.001112</td>\n",
       "      <td>0.004058</td>\n",
       "      <td>0.008355</td>\n",
       "      <td>0.006185</td>\n",
       "      <td>0.014018</td>\n",
       "      <td>-0.005763</td>\n",
       "      <td>0.004330</td>\n",
       "      <td>0.006773</td>\n",
       "      <td>0.000132</td>\n",
       "      <td>-0.001426</td>\n",
       "      <td>0.004754</td>\n",
       "      <td>0.006092</td>\n",
       "      <td>0.012239</td>\n",
       "      <td>0.016208</td>\n",
       "      <td>0.009519</td>\n",
       "    </tr>\n",
       "    <tr>\n",
       "      <th>RTX</th>\n",
       "      <td>-0.022352</td>\n",
       "      <td>0.021778</td>\n",
       "      <td>0.005012</td>\n",
       "      <td>0.002675</td>\n",
       "      <td>-0.004321</td>\n",
       "      <td>0.013227</td>\n",
       "      <td>0.027612</td>\n",
       "      <td>0.021647</td>\n",
       "      <td>0.054544</td>\n",
       "      <td>-0.020765</td>\n",
       "      <td>0.015096</td>\n",
       "      <td>0.025773</td>\n",
       "      <td>-0.000096</td>\n",
       "      <td>-0.014704</td>\n",
       "      <td>0.001352</td>\n",
       "      <td>0.012239</td>\n",
       "      <td>0.042174</td>\n",
       "      <td>0.045204</td>\n",
       "      <td>0.024208</td>\n",
       "    </tr>\n",
       "    <tr>\n",
       "      <th>AXP</th>\n",
       "      <td>-0.026040</td>\n",
       "      <td>0.031031</td>\n",
       "      <td>0.004056</td>\n",
       "      <td>0.001011</td>\n",
       "      <td>-0.002942</td>\n",
       "      <td>0.014993</td>\n",
       "      <td>0.029745</td>\n",
       "      <td>0.023680</td>\n",
       "      <td>0.054831</td>\n",
       "      <td>-0.021471</td>\n",
       "      <td>0.015367</td>\n",
       "      <td>0.027520</td>\n",
       "      <td>-0.000878</td>\n",
       "      <td>-0.013639</td>\n",
       "      <td>0.009071</td>\n",
       "      <td>0.016208</td>\n",
       "      <td>0.045204</td>\n",
       "      <td>0.056090</td>\n",
       "      <td>0.029686</td>\n",
       "    </tr>\n",
       "    <tr>\n",
       "      <th>BX</th>\n",
       "      <td>-0.009691</td>\n",
       "      <td>0.019144</td>\n",
       "      <td>0.005375</td>\n",
       "      <td>0.001020</td>\n",
       "      <td>-0.004228</td>\n",
       "      <td>0.007350</td>\n",
       "      <td>0.018551</td>\n",
       "      <td>0.013522</td>\n",
       "      <td>0.033496</td>\n",
       "      <td>-0.007989</td>\n",
       "      <td>0.011368</td>\n",
       "      <td>0.015649</td>\n",
       "      <td>0.000774</td>\n",
       "      <td>-0.004424</td>\n",
       "      <td>0.002361</td>\n",
       "      <td>0.009519</td>\n",
       "      <td>0.024208</td>\n",
       "      <td>0.029686</td>\n",
       "      <td>0.020674</td>\n",
       "    </tr>\n",
       "  </tbody>\n",
       "</table>\n",
       "</div>"
      ],
      "text/plain": [
       "           WBD       BCC      SOLV       PFE       OXY        PG         T  \\\n",
       "WBD   0.018602 -0.010060  0.001578 -0.000489 -0.000530 -0.008215 -0.012847   \n",
       "BCC  -0.010060  0.030279  0.006750 -0.002223 -0.000675  0.006286  0.013376   \n",
       "SOLV  0.001578  0.006750  0.007879  0.000040 -0.002216  0.000699  0.003887   \n",
       "PFE  -0.000489 -0.002223  0.000040  0.002023 -0.001187  0.000885  0.002572   \n",
       "OXY  -0.000530 -0.000675 -0.002216 -0.001187  0.004113 -0.001224 -0.005384   \n",
       "PG   -0.008215  0.006286  0.000699  0.000885 -0.001224  0.004823  0.008794   \n",
       "T    -0.012847  0.013376  0.003887  0.002572 -0.005384  0.008794  0.021639   \n",
       "TJX  -0.011833  0.009228 -0.000371  0.002145 -0.003306  0.007316  0.015969   \n",
       "MMM  -0.024528  0.022721  0.008103  0.005900 -0.008953  0.016199  0.039090   \n",
       "BA    0.015484 -0.007066 -0.003429 -0.001661  0.000035 -0.007500 -0.012217   \n",
       "O    -0.004730  0.007880  0.003722  0.001635 -0.003912  0.004249  0.012045   \n",
       "KMI  -0.012984  0.010977  0.001931  0.002659 -0.003248  0.008042  0.018357   \n",
       "CSCO  0.001520 -0.000292  0.002591  0.000473 -0.000860 -0.000301  0.000804   \n",
       "CVS   0.009990  0.000014  0.001573 -0.002303  0.000925 -0.005313 -0.008833   \n",
       "DIS  -0.004839  0.012769  0.000854 -0.003641  0.004169  0.001098 -0.002002   \n",
       "MA   -0.006842  0.011466  0.003300 -0.000478 -0.001112  0.004058  0.008355   \n",
       "RTX  -0.022352  0.021778  0.005012  0.002675 -0.004321  0.013227  0.027612   \n",
       "AXP  -0.026040  0.031031  0.004056  0.001011 -0.002942  0.014993  0.029745   \n",
       "BX   -0.009691  0.019144  0.005375  0.001020 -0.004228  0.007350  0.018551   \n",
       "\n",
       "           TJX       MMM        BA         O       KMI      CSCO       CVS  \\\n",
       "WBD  -0.011833 -0.024528  0.015484 -0.004730 -0.012984  0.001520  0.009990   \n",
       "BCC   0.009228  0.022721 -0.007066  0.007880  0.010977 -0.000292  0.000014   \n",
       "SOLV -0.000371  0.008103 -0.003429  0.003722  0.001931  0.002591  0.001573   \n",
       "PFE   0.002145  0.005900 -0.001661  0.001635  0.002659  0.000473 -0.002303   \n",
       "OXY  -0.003306 -0.008953  0.000035 -0.003912 -0.003248 -0.000860  0.000925   \n",
       "PG    0.007316  0.016199 -0.007500  0.004249  0.008042 -0.000301 -0.005313   \n",
       "T     0.015969  0.039090 -0.012217  0.012045  0.018357  0.000804 -0.008833   \n",
       "TJX   0.013666  0.029602 -0.010368  0.008404  0.014270  0.000088 -0.008060   \n",
       "MMM   0.029602  0.081266 -0.023804  0.024017  0.036408  0.001258 -0.019845   \n",
       "BA   -0.010368 -0.023804  0.019076 -0.004403 -0.012079 -0.000658  0.009387   \n",
       "O     0.008404  0.024017 -0.004403  0.008716  0.010423  0.000746 -0.004123   \n",
       "KMI   0.014270  0.036408 -0.012079  0.010423  0.017850  0.000263 -0.009724   \n",
       "CSCO  0.000088  0.001258 -0.000658  0.000746  0.000263  0.001597  0.001081   \n",
       "CVS  -0.008060 -0.019845  0.009387 -0.004123 -0.009724  0.001081  0.011875   \n",
       "DIS  -0.001221 -0.006867 -0.001973 -0.003045 -0.001868 -0.001545  0.003276   \n",
       "MA    0.006185  0.014018 -0.005763  0.004330  0.006773  0.000132 -0.001426   \n",
       "RTX   0.021647  0.054544 -0.020765  0.015096  0.025773 -0.000096 -0.014704   \n",
       "AXP   0.023680  0.054831 -0.021471  0.015367  0.027520 -0.000878 -0.013639   \n",
       "BX    0.013522  0.033496 -0.007989  0.011368  0.015649  0.000774 -0.004424   \n",
       "\n",
       "           DIS        MA       RTX       AXP        BX  \n",
       "WBD  -0.004839 -0.006842 -0.022352 -0.026040 -0.009691  \n",
       "BCC   0.012769  0.011466  0.021778  0.031031  0.019144  \n",
       "SOLV  0.000854  0.003300  0.005012  0.004056  0.005375  \n",
       "PFE  -0.003641 -0.000478  0.002675  0.001011  0.001020  \n",
       "OXY   0.004169 -0.001112 -0.004321 -0.002942 -0.004228  \n",
       "PG    0.001098  0.004058  0.013227  0.014993  0.007350  \n",
       "T    -0.002002  0.008355  0.027612  0.029745  0.018551  \n",
       "TJX  -0.001221  0.006185  0.021647  0.023680  0.013522  \n",
       "MMM  -0.006867  0.014018  0.054544  0.054831  0.033496  \n",
       "BA   -0.001973 -0.005763 -0.020765 -0.021471 -0.007989  \n",
       "O    -0.003045  0.004330  0.015096  0.015367  0.011368  \n",
       "KMI  -0.001868  0.006773  0.025773  0.027520  0.015649  \n",
       "CSCO -0.001545  0.000132 -0.000096 -0.000878  0.000774  \n",
       "CVS   0.003276 -0.001426 -0.014704 -0.013639 -0.004424  \n",
       "DIS   0.014653  0.004754  0.001352  0.009071  0.002361  \n",
       "MA    0.004754  0.006092  0.012239  0.016208  0.009519  \n",
       "RTX   0.001352  0.012239  0.042174  0.045204  0.024208  \n",
       "AXP   0.009071  0.016208  0.045204  0.056090  0.029686  \n",
       "BX    0.002361  0.009519  0.024208  0.029686  0.020674  "
      ]
     },
     "execution_count": 19,
     "metadata": {},
     "output_type": "execute_result"
    }
   ],
   "source": [
    "cumulative_returns.cov()"
   ]
  },
  {
   "cell_type": "code",
   "execution_count": 21,
   "id": "30e53843-eb64-4d6e-9766-409608f29263",
   "metadata": {},
   "outputs": [
    {
     "name": "stderr",
     "output_type": "stream",
     "text": [
      "2024-10-11 16:42:18.660 Thread 'MainThread': missing ScriptRunContext! This warning can be ignored when running in bare mode.\n",
      "2024-10-11 16:42:18.662 Thread 'MainThread': missing ScriptRunContext! This warning can be ignored when running in bare mode.\n"
     ]
    }
   ],
   "source": [
    "slt.subheader('portfolio vs Index SnP 500')\n",
    "\n",
    "t = pd.concat([bmark_deviation, mean_portfolio_cumilative_return], axis = 1)\n",
    "t.columns = ['SnP 500 Performance', 'Portfolio Performance']"
   ]
  },
  {
   "cell_type": "code",
   "execution_count": 22,
   "id": "8dc42041-4776-4629-880f-394e2ebdbe4b",
   "metadata": {},
   "outputs": [
    {
     "name": "stderr",
     "output_type": "stream",
     "text": [
      "2024-10-11 16:42:36.627 Thread 'MainThread': missing ScriptRunContext! This warning can be ignored when running in bare mode.\n",
      "2024-10-11 16:42:36.628 Thread 'MainThread': missing ScriptRunContext! This warning can be ignored when running in bare mode.\n"
     ]
    },
    {
     "data": {
      "text/plain": [
       "DeltaGenerator()"
      ]
     },
     "execution_count": 22,
     "metadata": {},
     "output_type": "execute_result"
    }
   ],
   "source": [
    "slt.line_chart(data = t)"
   ]
  },
  {
   "cell_type": "code",
   "execution_count": 28,
   "id": "8caa7810-6209-4c6c-91a6-7c6c80d82f82",
   "metadata": {},
   "outputs": [
    {
     "name": "stderr",
     "output_type": "stream",
     "text": [
      "2024-10-11 16:53:54.892 Thread 'MainThread': missing ScriptRunContext! This warning can be ignored when running in bare mode.\n",
      "2024-10-11 16:53:54.894 Thread 'MainThread': missing ScriptRunContext! This warning can be ignored when running in bare mode.\n",
      "2024-10-11 16:53:54.896 Thread 'MainThread': missing ScriptRunContext! This warning can be ignored when running in bare mode.\n",
      "2024-10-11 16:53:54.896 Thread 'MainThread': missing ScriptRunContext! This warning can be ignored when running in bare mode.\n"
     ]
    },
    {
     "name": "stdout",
     "output_type": "stream",
     "text": [
      "0.0705\n",
      "0.0079\n"
     ]
    }
   ],
   "source": [
    "slt.subheader(\"Porfolio Risk\")\n",
    "print(round(portfolio_std_dev,4))\n",
    "\n",
    "slt.subheader(\"Benchmark Risk\")\n",
    "print(round(bmark_perc_return.std(),4))\n"
   ]
  },
  {
   "cell_type": "code",
   "execution_count": 24,
   "id": "1390f2a9-9813-4d16-aa35-dbb3588c6359",
   "metadata": {},
   "outputs": [
    {
     "name": "stderr",
     "output_type": "stream",
     "text": [
      "2024-10-11 16:46:43.602 Thread 'MainThread': missing ScriptRunContext! This warning can be ignored when running in bare mode.\n",
      "2024-10-11 16:46:43.667 Thread 'MainThread': missing ScriptRunContext! This warning can be ignored when running in bare mode.\n",
      "2024-10-11 16:46:43.667 Thread 'MainThread': missing ScriptRunContext! This warning can be ignored when running in bare mode.\n"
     ]
    },
    {
     "data": {
      "text/plain": [
       "DeltaGenerator()"
      ]
     },
     "execution_count": 24,
     "metadata": {},
     "output_type": "execute_result"
    },
    {
     "data": {
